Lugar,Porción de espacio
Autopista,Carretera con calzadas separadas para los dos sentidos de la circulación cada una de ellas con dos o más carriles sin cruces a nivel
Mosquito,Insecto díptero de pequeño tamaño con patas largas y finas y dos alas transparentes que producen un zumbido agudo parecido al sonido de una trompetilla cuya hembra chupa la sangre de las personas y de los animales de piel fina produciendo con la picadura inflamación rápida acompañada de picor
Entumecido,Impedir o entorpecer el movimiento o acción de un miembro o de un nervio
Rubio,Dicho de un color Amarillento parecido al oro
Autopista,Carretera con calzadas separadas para los dos sentidos de la circulación cada una de ellas con dos o más carriles sin cruces a nivel
Peludo,Que tiene mucho pelo
Rutas,Rota o derrota de un viaje
Arbustos,Planta leñosa de menos de cinco metros de altura sin un tronco preponderante porque se ramifica a partir de la base
Surtidor,Que provee
Flauta,Instrumento musical de viento de madera u otro material en forma de tubo con varios agujeros circulares que se tapan con los dedos o con llaves
Oruga,Planta herbácea anual de la familia de las crucíferas con tallos vellosos de a de altura hojas lanceoladas y partidas en varios gajos puntiagudos flores axilares y terminales de pétalos blancos con venas moradas y fruto en vainilla cilíndrica con semillas globosas amarillentas y menudas Es común en los linderos de los campos cultivados y las hojas se usan como condimento por su sabor picante
Endulzar,Hacer dulce algo
Aluminio,Elemento químico metálico de de color similar al de la plata ligero resistente y dúctil muy abundante en la corteza terrestre que tiene diversas aplicaciones industriales
Burro,animal
Suela,Parte del calzado que toca el suelo hecha regularmente de cuero fuerte y adobado
